n	f_n
1.000000e+00	1.658926e-01
2.000000e+00	8.713111e-02
3.000000e+00	6.090953e-02
4.000000e+00	4.383164e-02
5.000000e+00	3.551040e-02
6.000000e+00	2.946299e-02
7.000000e+00	2.549589e-02
8.000000e+00	2.244799e-02
9.000000e+00	1.857765e-02
1.000000e+01	1.669086e-02
1.100000e+01	1.354620e-02
1.200000e+01	1.320755e-02
1.300000e+01	9.143687e-03
1.400000e+01	1.161103e-02
1.500000e+01	1.078858e-02
1.600000e+01	9.192066e-03
1.700000e+01	9.046928e-03
1.800000e+01	8.563135e-03
1.900000e+01	7.160135e-03
2.000000e+01	6.918239e-03
2.100000e+01	7.450411e-03
2.200000e+01	5.757136e-03
2.300000e+01	6.676343e-03
2.400000e+01	5.757136e-03
2.500000e+01	6.434446e-03
2.600000e+01	5.079826e-03
2.700000e+01	4.934688e-03
2.800000e+01	4.644412e-03
2.900000e+01	4.160619e-03
3.000000e+01	3.628447e-03
3.100000e+01	3.434930e-03
3.200000e+01	3.773585e-03
3.300000e+01	4.499274e-03
3.400000e+01	3.870343e-03
3.500000e+01	3.628447e-03
3.600000e+01	3.773585e-03
3.700000e+01	3.144654e-03
3.800000e+01	3.338171e-03
3.900000e+01	2.612482e-03
4.000000e+01	3.241413e-03
4.100000e+01	2.418965e-03
4.200000e+01	3.241413e-03
4.300000e+01	3.047896e-03
4.400000e+01	3.047896e-03
4.500000e+01	3.241413e-03
4.600000e+01	3.096275e-03
4.700000e+01	2.273827e-03
4.800000e+01	1.935172e-03
4.900000e+01	2.273827e-03
5.000000e+01	2.757620e-03
5.100000e+01	2.467344e-03
5.200000e+01	2.418965e-03
5.300000e+01	2.031930e-03
5.400000e+01	2.128689e-03
5.500000e+01	2.080310e-03
5.600000e+01	1.838413e-03
5.700000e+01	2.225448e-03
5.800000e+01	1.693275e-03
5.900000e+01	2.177068e-03
6.000000e+01	2.515723e-03
6.100000e+01	1.838413e-03
6.200000e+01	1.596517e-03
6.300000e+01	1.257862e-03
6.400000e+01	1.838413e-03
6.500000e+01	1.741655e-03
6.600000e+01	1.790034e-03
6.700000e+01	1.935172e-03
6.800000e+01	1.257862e-03
6.900000e+01	1.161103e-03
7.000000e+01	1.644896e-03
7.100000e+01	1.257862e-03
7.200000e+01	1.209482e-03
7.300000e+01	5.805515e-04
7.400000e+01	1.257862e-03
7.500000e+01	1.064344e-03
7.600000e+01	1.306241e-03
7.700000e+01	1.451379e-03
7.800000e+01	1.209482e-03
7.900000e+01	1.354620e-03
8.000000e+01	1.403000e-03
8.100000e+01	1.209482e-03
8.200000e+01	1.354620e-03
8.300000e+01	1.257862e-03
8.400000e+01	1.161103e-03
8.500000e+01	1.257862e-03
8.600000e+01	1.354620e-03
8.700000e+01	7.740687e-04
8.800000e+01	1.209482e-03
8.900000e+01	8.708273e-04
9.000000e+01	1.209482e-03
9.100000e+01	1.112724e-03
9.200000e+01	1.306241e-03
9.300000e+01	1.161103e-03
9.400000e+01	1.112724e-03
9.500000e+01	1.161103e-03
9.600000e+01	1.451379e-03
9.700000e+01	1.596517e-03
9.800000e+01	1.112724e-03
9.900000e+01	7.740687e-04
1.000000e+02	6.773101e-04
1.010000e+02	8.708273e-04
1.020000e+02	9.192066e-04
1.030000e+02	7.256894e-04
1.040000e+02	6.773101e-04
1.050000e+02	1.015965e-03
1.060000e+02	1.209482e-03
1.070000e+02	5.321722e-04
1.080000e+02	1.015965e-03
1.090000e+02	8.708273e-04
1.100000e+02	5.805515e-04
1.110000e+02	9.192066e-04
1.120000e+02	9.675859e-04
1.130000e+02	5.321722e-04
1.140000e+02	8.224480e-04
1.150000e+02	8.224480e-04
1.160000e+02	7.256894e-04
1.170000e+02	4.354136e-04
1.180000e+02	9.675859e-04
1.190000e+02	5.805515e-04
1.200000e+02	8.224480e-04
1.210000e+02	1.112724e-03
1.220000e+02	7.740687e-04
1.230000e+02	6.289308e-04
1.240000e+02	7.740687e-04
1.250000e+02	4.837929e-04
1.260000e+02	7.740687e-04
1.270000e+02	5.321722e-04
1.280000e+02	5.805515e-04
1.290000e+02	8.708273e-04
1.300000e+02	7.256894e-04
1.310000e+02	7.740687e-04
1.320000e+02	6.289308e-04
1.330000e+02	6.773101e-04
1.340000e+02	7.256894e-04
1.350000e+02	6.773101e-04
1.360000e+02	5.321722e-04
1.370000e+02	8.224480e-04
1.380000e+02	6.773101e-04
1.390000e+02	8.224480e-04
1.400000e+02	7.256894e-04
1.410000e+02	4.837929e-04
1.420000e+02	4.837929e-04
1.430000e+02	5.321722e-04
1.440000e+02	7.256894e-04
1.450000e+02	5.321722e-04
1.460000e+02	4.354136e-04
1.470000e+02	5.805515e-04
1.480000e+02	4.837929e-04
1.490000e+02	8.224480e-04
1.500000e+02	4.837929e-04
1.510000e+02	4.837929e-04
1.520000e+02	3.870343e-04
1.530000e+02	6.289308e-04
1.540000e+02	7.256894e-04
1.550000e+02	8.224480e-04
1.560000e+02	7.740687e-04
1.570000e+02	7.740687e-04
1.580000e+02	6.289308e-04
1.590000e+02	3.386551e-04
1.600000e+02	5.321722e-04
1.610000e+02	5.321722e-04
1.620000e+02	4.837929e-04
1.630000e+02	4.354136e-04
1.640000e+02	2.418965e-04
1.650000e+02	3.870343e-04
1.660000e+02	5.321722e-04
1.670000e+02	7.256894e-04
1.680000e+02	3.870343e-04
1.690000e+02	6.289308e-04
1.700000e+02	5.805515e-04
1.710000e+02	3.386551e-04
1.720000e+02	5.321722e-04
1.730000e+02	5.321722e-04
1.740000e+02	1.451379e-04
1.750000e+02	4.837929e-04
1.760000e+02	5.321722e-04
1.770000e+02	1.935172e-04
1.780000e+02	3.870343e-04
1.790000e+02	2.418965e-04
1.800000e+02	5.321722e-04
1.810000e+02	4.354136e-04
1.820000e+02	6.289308e-04
1.830000e+02	5.805515e-04
1.840000e+02	2.418965e-04
1.850000e+02	6.289308e-04
1.860000e+02	1.935172e-04
1.870000e+02	3.386551e-04
1.880000e+02	9.675859e-05
1.890000e+02	1.451379e-04
1.900000e+02	3.386551e-04
1.910000e+02	4.837929e-04
1.920000e+02	2.902758e-04
1.930000e+02	3.386551e-04
1.940000e+02	6.773101e-04
1.950000e+02	2.902758e-04
1.960000e+02	4.354136e-04
1.970000e+02	1.451379e-04
1.980000e+02	5.805515e-04
1.990000e+02	5.321722e-04
2.000000e+02	5.321722e-04
2.010000e+02	2.902758e-04
2.020000e+02	4.354136e-04
2.030000e+02	3.870343e-04
2.040000e+02	5.805515e-04
2.050000e+02	1.451379e-04
2.060000e+02	4.354136e-04
2.070000e+02	4.354136e-04
2.080000e+02	5.805515e-04
2.090000e+02	4.837929e-05
2.100000e+02	4.837929e-04
2.110000e+02	3.870343e-04
2.120000e+02	4.837929e-04
2.130000e+02	3.386551e-04
2.140000e+02	2.902758e-04
2.150000e+02	2.418965e-04
2.160000e+02	3.870343e-04
2.170000e+02	1.451379e-04
2.180000e+02	1.451379e-04
2.190000e+02	6.289308e-04
2.200000e+02	1.935172e-04
2.210000e+02	1.935172e-04
2.220000e+02	5.321722e-04
2.230000e+02	3.386551e-04
2.240000e+02	3.870343e-04
2.250000e+02	2.902758e-04
2.260000e+02	3.386551e-04
2.270000e+02	3.386551e-04
2.280000e+02	2.902758e-04
2.290000e+02	1.935172e-04
2.300000e+02	3.386551e-04
2.310000e+02	2.902758e-04
2.320000e+02	1.451379e-04
2.330000e+02	1.935172e-04
2.340000e+02	2.902758e-04
2.350000e+02	1.451379e-04
2.360000e+02	4.354136e-04
2.370000e+02	3.386551e-04
2.380000e+02	1.935172e-04
2.390000e+02	3.386551e-04
2.400000e+02	4.837929e-04
2.410000e+02	1.451379e-04
2.420000e+02	2.902758e-04
2.430000e+02	3.870343e-04
2.440000e+02	9.675859e-05
2.450000e+02	2.902758e-04
2.460000e+02	1.451379e-04
2.470000e+02	4.837929e-04
2.480000e+02	5.321722e-04
2.490000e+02	3.386551e-04
2.500000e+02	2.902758e-04
2.510000e+02	1.451379e-04
2.520000e+02	2.418965e-04
2.530000e+02	9.675859e-05
2.540000e+02	5.321722e-04
2.550000e+02	3.386551e-04
2.560000e+02	1.451379e-04
2.570000e+02	1.451379e-04
2.580000e+02	1.451379e-04
2.590000e+02	9.675859e-05
2.600000e+02	3.870343e-04
2.610000e+02	1.451379e-04
2.620000e+02	1.935172e-04
2.630000e+02	2.418965e-04
2.640000e+02	4.354136e-04
2.650000e+02	1.451379e-04
2.660000e+02	1.935172e-04
2.670000e+02	1.451379e-04
2.680000e+02	2.902758e-04
2.690000e+02	2.902758e-04
2.700000e+02	1.935172e-04
2.710000e+02	1.935172e-04
2.720000e+02	3.386551e-04
2.730000e+02	2.418965e-04
2.740000e+02	1.935172e-04
2.750000e+02	3.870343e-04
2.760000e+02	9.675859e-05
2.770000e+02	3.870343e-04
2.780000e+02	2.418965e-04
2.790000e+02	1.935172e-04
2.800000e+02	2.902758e-04
2.810000e+02	2.418965e-04
2.820000e+02	1.935172e-04
2.830000e+02	1.451379e-04
2.840000e+02	2.418965e-04
2.850000e+02	3.386551e-04
2.860000e+02	1.935172e-04
2.870000e+02	2.418965e-04
2.880000e+02	1.935172e-04
2.890000e+02	1.451379e-04
2.900000e+02	3.870343e-04
2.910000e+02	2.902758e-04
2.920000e+02	2.418965e-04
2.930000e+02	1.935172e-04
2.940000e+02	3.870343e-04
2.950000e+02	2.902758e-04
2.960000e+02	2.418965e-04
2.970000e+02	1.451379e-04
2.980000e+02	1.935172e-04
2.990000e+02	1.935172e-04
3.000000e+02	2.902758e-04
3.010000e+02	1.935172e-04
3.020000e+02	3.386551e-04
3.030000e+02	1.451379e-04
3.040000e+02	2.902758e-04
3.050000e+02	2.902758e-04
3.060000e+02	2.902758e-04
3.070000e+02	1.935172e-04
3.080000e+02	2.902758e-04
3.090000e+02	1.935172e-04
3.100000e+02	1.935172e-04
3.110000e+02	3.386551e-04
3.130000e+02	9.675859e-05
3.140000e+02	1.935172e-04
3.150000e+02	4.837929e-05
3.160000e+02	1.935172e-04
3.170000e+02	2.418965e-04
3.180000e+02	1.451379e-04
3.190000e+02	2.418965e-04
3.200000e+02	2.418965e-04
3.210000e+02	3.386551e-04
3.220000e+02	1.935172e-04
3.230000e+02	4.837929e-05
3.240000e+02	1.451379e-04
3.250000e+02	9.675859e-05
3.260000e+02	1.935172e-04
3.270000e+02	4.837929e-05
3.280000e+02	1.451379e-04
3.290000e+02	2.418965e-04
3.300000e+02	2.902758e-04
3.310000e+02	1.451379e-04
3.320000e+02	1.451379e-04
3.330000e+02	2.902758e-04
3.340000e+02	4.837929e-05
3.350000e+02	1.935172e-04
3.360000e+02	1.451379e-04
3.370000e+02	4.837929e-05
3.380000e+02	1.935172e-04
3.390000e+02	1.935172e-04
3.400000e+02	9.675859e-05
3.410000e+02	1.451379e-04
3.420000e+02	1.935172e-04
3.430000e+02	2.418965e-04
3.440000e+02	1.451379e-04
3.450000e+02	9.675859e-05
3.460000e+02	1.935172e-04
3.470000e+02	9.675859e-05
3.480000e+02	1.935172e-04
3.490000e+02	2.902758e-04
3.500000e+02	9.675859e-05
3.510000e+02	9.675859e-05
3.520000e+02	1.451379e-04
3.530000e+02	1.935172e-04
3.540000e+02	9.675859e-05
3.550000e+02	9.675859e-05
3.560000e+02	1.935172e-04
3.570000e+02	1.451379e-04
3.580000e+02	1.935172e-04
3.590000e+02	4.837929e-05
3.600000e+02	1.935172e-04
3.610000e+02	1.935172e-04
3.620000e+02	1.935172e-04
3.630000e+02	1.451379e-04
3.640000e+02	9.675859e-05
3.650000e+02	9.675859e-05
3.660000e+02	2.902758e-04
3.670000e+02	2.418965e-04
3.680000e+02	2.418965e-04
3.690000e+02	1.451379e-04
3.700000e+02	1.451379e-04
3.710000e+02	1.451379e-04
3.730000e+02	1.451379e-04
3.740000e+02	9.675859e-05
3.750000e+02	1.451379e-04
3.760000e+02	1.935172e-04
3.770000e+02	9.675859e-05
3.780000e+02	1.935172e-04
3.800000e+02	4.837929e-05
3.810000e+02	2.418965e-04
3.820000e+02	3.386551e-04
3.830000e+02	1.451379e-04
3.840000e+02	1.935172e-04
3.850000e+02	1.451379e-04
3.860000e+02	3.870343e-04
3.870000e+02	4.837929e-05
3.880000e+02	2.902758e-04
3.890000e+02	1.935172e-04
3.900000e+02	4.837929e-05
3.910000e+02	1.935172e-04
3.920000e+02	1.451379e-04
3.930000e+02	1.935172e-04
3.940000e+02	4.837929e-05
3.950000e+02	2.902758e-04
3.960000e+02	4.837929e-05
3.970000e+02	4.837929e-05
3.980000e+02	1.451379e-04
3.990000e+02	9.675859e-05
4.000000e+02	9.675859e-05
4.010000e+02	4.837929e-05
4.020000e+02	2.902758e-04
4.030000e+02	3.386551e-04
4.040000e+02	9.675859e-05
4.050000e+02	1.935172e-04
4.060000e+02	9.675859e-05
4.070000e+02	9.675859e-05
4.080000e+02	9.675859e-05
4.090000e+02	9.675859e-05
4.100000e+02	4.837929e-05
4.110000e+02	1.935172e-04
4.120000e+02	4.837929e-05
4.130000e+02	1.451379e-04
4.140000e+02	4.837929e-05
4.150000e+02	2.902758e-04
4.160000e+02	1.935172e-04
4.170000e+02	9.675859e-05
4.180000e+02	9.675859e-05
4.190000e+02	4.837929e-05
4.200000e+02	1.935172e-04
4.220000e+02	3.386551e-04
4.230000e+02	1.935172e-04
4.240000e+02	9.675859e-05
4.250000e+02	2.418965e-04
4.260000e+02	9.675859e-05
4.270000e+02	1.935172e-04
4.280000e+02	9.675859e-05
4.290000e+02	4.837929e-05
4.300000e+02	1.451379e-04
4.310000e+02	9.675859e-05
4.320000e+02	1.935172e-04
4.330000e+02	2.418965e-04
4.340000e+02	4.837929e-05
4.350000e+02	4.837929e-05
4.360000e+02	1.935172e-04
4.370000e+02	2.902758e-04
4.380000e+02	1.451379e-04
4.390000e+02	9.675859e-05
4.400000e+02	4.837929e-05
4.410000e+02	2.418965e-04
4.420000e+02	1.451379e-04
4.430000e+02	1.451379e-04
4.440000e+02	4.837929e-05
4.450000e+02	1.451379e-04
4.460000e+02	9.675859e-05
4.470000e+02	1.935172e-04
4.480000e+02	1.935172e-04
4.490000e+02	1.935172e-04
4.500000e+02	1.935172e-04
4.510000e+02	2.418965e-04
4.520000e+02	9.675859e-05
4.530000e+02	1.451379e-04
4.540000e+02	2.418965e-04
4.550000e+02	1.451379e-04
4.560000e+02	2.418965e-04
4.570000e+02	1.451379e-04
4.580000e+02	1.451379e-04
4.590000e+02	9.675859e-05
4.600000e+02	9.675859e-05
4.610000e+02	1.451379e-04
4.620000e+02	2.902758e-04
4.630000e+02	4.837929e-05
4.640000e+02	4.837929e-05
4.650000e+02	1.451379e-04
4.660000e+02	9.675859e-05
4.670000e+02	9.675859e-05
4.680000e+02	1.935172e-04
4.690000e+02	1.935172e-04
4.700000e+02	4.837929e-05
4.710000e+02	4.837929e-05
4.730000e+02	1.935172e-04
4.740000e+02	2.418965e-04
4.750000e+02	1.451379e-04
4.760000e+02	9.675859e-05
4.770000e+02	2.902758e-04
4.780000e+02	9.675859e-05
4.790000e+02	9.675859e-05
4.800000e+02	9.675859e-05
4.810000e+02	9.675859e-05
4.820000e+02	9.675859e-05
4.830000e+02	9.675859e-05
4.840000e+02	1.935172e-04
4.850000e+02	1.451379e-04
4.860000e+02	1.451379e-04
4.870000e+02	9.675859e-05
4.880000e+02	4.837929e-05
4.890000e+02	4.837929e-05
4.900000e+02	9.675859e-05
4.910000e+02	9.675859e-05
4.920000e+02	1.451379e-04
4.930000e+02	9.675859e-05
4.950000e+02	4.837929e-05
4.960000e+02	1.451379e-04
4.980000e+02	1.451379e-04
4.990000e+02	4.837929e-05
5.000000e+02	9.675859e-05
5.010000e+02	1.451379e-04
5.020000e+02	4.837929e-05
5.030000e+02	9.675859e-05
5.040000e+02	2.418965e-04
5.050000e+02	2.418965e-04
5.060000e+02	1.935172e-04
5.070000e+02	4.837929e-05
5.080000e+02	1.451379e-04
5.090000e+02	1.451379e-04
5.110000e+02	1.451379e-04
5.120000e+02	4.837929e-05
5.130000e+02	1.451379e-04
5.140000e+02	9.675859e-05
5.150000e+02	4.837929e-05
5.160000e+02	9.675859e-05
5.170000e+02	1.451379e-04
5.180000e+02	2.418965e-04
5.200000e+02	2.418965e-04
5.210000e+02	9.675859e-05
5.220000e+02	2.418965e-04
5.230000e+02	9.675859e-05
5.240000e+02	1.935172e-04
5.250000e+02	9.675859e-05
5.260000e+02	1.451379e-04
5.270000e+02	4.837929e-05
5.280000e+02	1.935172e-04
5.290000e+02	4.837929e-05
5.300000e+02	9.675859e-05
5.310000e+02	2.418965e-04
5.320000e+02	2.418965e-04
5.330000e+02	4.837929e-05
5.340000e+02	1.451379e-04
5.360000e+02	1.451379e-04
5.370000e+02	4.837929e-05
5.380000e+02	1.935172e-04
5.390000e+02	1.451379e-04
5.410000e+02	4.837929e-05
5.420000e+02	1.451379e-04
5.430000e+02	9.675859e-05
5.440000e+02	9.675859e-05
5.450000e+02	4.837929e-05
5.460000e+02	4.837929e-05
5.470000e+02	9.675859e-05
5.480000e+02	4.837929e-05
5.490000e+02	4.837929e-05
5.500000e+02	1.451379e-04
5.520000e+02	1.451379e-04
5.530000e+02	4.837929e-05
5.550000e+02	9.675859e-05
5.570000e+02	4.837929e-05
5.580000e+02	4.837929e-05
5.590000e+02	9.675859e-05
5.600000e+02	1.451379e-04
5.620000e+02	4.837929e-05
5.630000e+02	2.418965e-04
5.650000e+02	1.451379e-04
5.660000e+02	1.935172e-04
5.670000e+02	9.675859e-05
5.680000e+02	4.837929e-05
5.690000e+02	1.451379e-04
5.700000e+02	1.451379e-04
5.710000e+02	1.935172e-04
5.720000e+02	1.935172e-04
5.730000e+02	4.837929e-05
5.740000e+02	9.675859e-05
5.750000e+02	1.935172e-04
5.760000e+02	9.675859e-05
5.780000e+02	9.675859e-05
5.790000e+02	4.837929e-05
5.800000e+02	9.675859e-05
5.810000e+02	4.837929e-05
5.820000e+02	4.837929e-05
5.830000e+02	9.675859e-05
5.840000e+02	4.837929e-05
5.850000e+02	4.837929e-05
5.860000e+02	9.675859e-05
5.870000e+02	1.451379e-04
5.880000e+02	1.451379e-04
5.890000e+02	9.675859e-05
5.900000e+02	4.837929e-05
5.920000e+02	1.451379e-04
5.930000e+02	9.675859e-05
5.940000e+02	9.675859e-05
5.950000e+02	4.837929e-05
5.960000e+02	1.451379e-04
5.980000e+02	1.451379e-04
6.000000e+02	1.451379e-04
6.010000e+02	4.837929e-05
6.030000e+02	2.418965e-04
6.050000e+02	4.837929e-05
6.060000e+02	4.837929e-05
6.070000e+02	4.837929e-05
6.090000e+02	9.675859e-05
6.120000e+02	4.837929e-05
6.130000e+02	1.451379e-04
6.140000e+02	2.418965e-04
6.150000e+02	9.675859e-05
6.160000e+02	4.837929e-05
6.170000e+02	4.837929e-05
6.180000e+02	9.675859e-05
6.190000e+02	1.935172e-04
6.220000e+02	9.675859e-05
6.230000e+02	2.418965e-04
6.240000e+02	4.837929e-05
6.250000e+02	9.675859e-05
6.260000e+02	4.837929e-05
6.270000e+02	9.675859e-05
6.280000e+02	9.675859e-05
6.300000e+02	2.418965e-04
6.310000e+02	1.935172e-04
6.320000e+02	9.675859e-05
6.330000e+02	4.837929e-05
6.340000e+02	9.675859e-05
6.350000e+02	1.451379e-04
6.360000e+02	4.837929e-05
6.370000e+02	1.451379e-04
6.390000e+02	1.451379e-04
6.400000e+02	4.837929e-05
6.410000e+02	9.675859e-05
6.420000e+02	4.837929e-05
6.440000e+02	9.675859e-05
6.450000e+02	1.451379e-04
6.470000e+02	4.837929e-05
6.480000e+02	1.451379e-04
6.490000e+02	4.837929e-05
6.500000e+02	9.675859e-05
6.520000e+02	9.675859e-05
6.550000e+02	4.837929e-05
6.560000e+02	1.451379e-04
6.570000e+02	4.837929e-05
6.580000e+02	4.837929e-05
6.590000e+02	9.675859e-05
6.610000e+02	1.451379e-04
6.620000e+02	1.451379e-04
6.630000e+02	9.675859e-05
6.640000e+02	1.451379e-04
6.650000e+02	1.451379e-04
6.660000e+02	4.837929e-05
6.670000e+02	9.675859e-05
6.680000e+02	4.837929e-05
6.690000e+02	4.837929e-05
6.700000e+02	9.675859e-05
6.710000e+02	1.935172e-04
6.720000e+02	1.451379e-04
6.730000e+02	9.675859e-05
6.740000e+02	9.675859e-05
6.750000e+02	9.675859e-05
6.760000e+02	4.837929e-05
6.770000e+02	9.675859e-05
6.780000e+02	1.451379e-04
6.790000e+02	1.451379e-04
6.800000e+02	9.675859e-05
6.830000e+02	1.935172e-04
6.840000e+02	9.675859e-05
6.870000e+02	9.675859e-05
6.880000e+02	4.837929e-05
6.890000e+02	1.935172e-04
6.900000e+02	1.451379e-04
6.910000e+02	9.675859e-05
6.920000e+02	4.837929e-05
6.940000e+02	4.837929e-05
6.950000e+02	4.837929e-05
6.960000e+02	4.837929e-05
6.970000e+02	9.675859e-05
6.980000e+02	9.675859e-05
7.000000e+02	9.675859e-05
7.010000e+02	9.675859e-05
7.020000e+02	4.837929e-05
7.030000e+02	4.837929e-05
7.060000e+02	1.451379e-04
7.070000e+02	1.451379e-04
7.080000e+02	4.837929e-05
7.090000e+02	9.675859e-05
7.110000e+02	9.675859e-05
7.120000e+02	9.675859e-05
7.130000e+02	4.837929e-05
7.150000e+02	1.451379e-04
7.160000e+02	4.837929e-05
7.170000e+02	4.837929e-05
7.180000e+02	9.675859e-05
7.190000e+02	1.451379e-04
7.200000e+02	4.837929e-05
7.220000e+02	9.675859e-05
7.230000e+02	1.935172e-04
7.240000e+02	4.837929e-05
7.250000e+02	9.675859e-05
7.260000e+02	9.675859e-05
7.270000e+02	9.675859e-05
7.320000e+02	1.451379e-04
7.330000e+02	4.837929e-05
7.340000e+02	4.837929e-05
7.350000e+02	1.451379e-04
7.360000e+02	9.675859e-05
7.390000e+02	4.837929e-05
7.400000e+02	4.837929e-05
7.410000e+02	4.837929e-05
7.420000e+02	9.675859e-05
7.450000e+02	9.675859e-05
7.460000e+02	4.837929e-05
7.470000e+02	1.451379e-04
7.480000e+02	1.451379e-04
7.500000e+02	4.837929e-05
7.520000e+02	4.837929e-05
7.530000e+02	1.451379e-04
7.540000e+02	4.837929e-05
7.550000e+02	9.675859e-05
7.570000e+02	1.451379e-04
7.580000e+02	1.451379e-04
7.590000e+02	9.675859e-05
7.610000e+02	4.837929e-05
7.620000e+02	4.837929e-05
7.640000e+02	4.837929e-05
7.650000e+02	4.837929e-05
7.660000e+02	9.675859e-05
7.670000e+02	9.675859e-05
7.680000e+02	1.451379e-04
7.690000e+02	4.837929e-05
7.700000e+02	9.675859e-05
7.710000e+02	4.837929e-05
7.720000e+02	4.837929e-05
7.740000e+02	4.837929e-05
7.750000e+02	4.837929e-05
7.760000e+02	9.675859e-05
7.770000e+02	4.837929e-05
7.790000e+02	4.837929e-05
7.800000e+02	9.675859e-05
7.820000e+02	4.837929e-05
7.830000e+02	9.675859e-05
7.840000e+02	4.837929e-05
7.860000e+02	4.837929e-05
7.890000e+02	4.837929e-05
7.900000e+02	4.837929e-05
7.910000e+02	4.837929e-05
7.950000e+02	4.837929e-05
7.960000e+02	1.935172e-04
7.980000e+02	4.837929e-05
7.990000e+02	4.837929e-05
8.020000e+02	4.837929e-05
8.040000e+02	4.837929e-05
8.050000e+02	9.675859e-05
8.060000e+02	4.837929e-05
8.070000e+02	9.675859e-05
8.090000e+02	9.675859e-05
8.100000e+02	4.837929e-05
8.110000e+02	9.675859e-05
8.120000e+02	4.837929e-05
8.130000e+02	4.837929e-05
8.160000e+02	1.451379e-04
8.170000e+02	4.837929e-05
8.180000e+02	4.837929e-05
8.200000e+02	4.837929e-05
8.220000e+02	1.935172e-04
8.260000e+02	4.837929e-05
8.290000e+02	1.451379e-04
8.300000e+02	9.675859e-05
8.310000e+02	4.837929e-05
8.320000e+02	9.675859e-05
8.330000e+02	1.451379e-04
8.340000e+02	9.675859e-05
8.350000e+02	1.451379e-04
8.360000e+02	4.837929e-05
8.380000e+02	4.837929e-05
8.390000e+02	9.675859e-05
8.400000e+02	4.837929e-05
8.410000e+02	4.837929e-05
8.430000e+02	4.837929e-05
8.440000e+02	9.675859e-05
8.500000e+02	4.837929e-05
8.530000e+02	4.837929e-05
8.540000e+02	9.675859e-05
8.570000e+02	4.837929e-05
8.590000e+02	4.837929e-05
8.610000e+02	4.837929e-05
8.620000e+02	9.675859e-05
8.640000e+02	4.837929e-05
8.660000e+02	4.837929e-05
8.670000e+02	1.935172e-04
8.680000e+02	4.837929e-05
8.690000e+02	4.837929e-05
8.700000e+02	4.837929e-05
8.720000e+02	4.837929e-05
8.730000e+02	9.675859e-05
8.750000e+02	4.837929e-05
8.760000e+02	4.837929e-05
8.770000e+02	4.837929e-05
8.780000e+02	4.837929e-05
8.800000e+02	9.675859e-05
8.810000e+02	4.837929e-05
8.820000e+02	9.675859e-05
8.860000e+02	9.675859e-05
8.870000e+02	4.837929e-05
8.880000e+02	4.837929e-05
8.890000e+02	4.837929e-05
8.920000e+02	4.837929e-05
8.930000e+02	4.837929e-05
8.950000e+02	9.675859e-05
8.970000e+02	9.675859e-05
8.980000e+02	4.837929e-05
8.990000e+02	4.837929e-05
9.010000e+02	9.675859e-05
9.030000e+02	4.837929e-05
9.040000e+02	4.837929e-05
9.050000e+02	9.675859e-05
9.090000e+02	4.837929e-05
9.100000e+02	4.837929e-05
9.110000e+02	1.451379e-04
9.130000e+02	4.837929e-05
9.150000e+02	4.837929e-05
9.180000e+02	4.837929e-05
9.230000e+02	4.837929e-05
9.260000e+02	9.675859e-05
9.280000e+02	4.837929e-05
9.290000e+02	9.675859e-05
9.320000e+02	1.451379e-04
9.330000e+02	4.837929e-05
9.340000e+02	9.675859e-05
9.350000e+02	4.837929e-05
9.360000e+02	9.675859e-05
9.370000e+02	4.837929e-05
9.380000e+02	9.675859e-05
9.390000e+02	9.675859e-05
9.400000e+02	4.837929e-05
9.410000e+02	9.675859e-05
9.420000e+02	4.837929e-05
9.440000e+02	9.675859e-05
9.450000e+02	4.837929e-05
9.480000e+02	4.837929e-05
9.490000e+02	1.451379e-04
9.520000e+02	4.837929e-05
9.540000e+02	9.675859e-05
9.550000e+02	4.837929e-05
9.560000e+02	4.837929e-05
9.580000e+02	4.837929e-05
9.590000e+02	9.675859e-05
9.620000e+02	4.837929e-05
9.630000e+02	4.837929e-05
9.640000e+02	4.837929e-05
9.680000e+02	4.837929e-05
9.700000e+02	1.451379e-04
9.710000e+02	4.837929e-05
9.720000e+02	4.837929e-05
9.730000e+02	4.837929e-05
9.760000e+02	1.451379e-04
9.790000e+02	9.675859e-05
9.800000e+02	9.675859e-05
9.820000e+02	9.675859e-05
9.840000e+02	9.675859e-05
9.850000e+02	9.675859e-05
9.870000e+02	4.837929e-05
9.880000e+02	4.837929e-05
9.900000e+02	4.837929e-05
9.920000e+02	9.675859e-05
9.930000e+02	4.837929e-05
9.950000e+02	4.837929e-05
9.960000e+02	9.675859e-05
9.980000e+02	4.837929e-05
9.990000e+02	9.675859e-05
1.001000e+03	4.837929e-05
1.002000e+03	4.837929e-05
1.003000e+03	1.935172e-04
1.004000e+03	9.675859e-05
1.005000e+03	4.837929e-05
1.006000e+03	9.675859e-05
1.007000e+03	4.837929e-05
1.014000e+03	4.837929e-05
1.015000e+03	9.675859e-05
1.017000e+03	1.935172e-04
1.018000e+03	4.837929e-05
1.019000e+03	4.837929e-05
1.020000e+03	4.837929e-05
1.023000e+03	1.451379e-04
1.024000e+03	9.675859e-05
1.028000e+03	1.451379e-04
1.029000e+03	9.675859e-05
1.030000e+03	4.837929e-05
1.034000e+03	9.675859e-05
1.035000e+03	9.675859e-05
1.041000e+03	9.675859e-05
1.043000e+03	1.451379e-04
1.044000e+03	9.675859e-05
1.047000e+03	1.451379e-04
1.049000e+03	4.837929e-05
1.051000e+03	4.837929e-05
1.053000e+03	4.837929e-05
1.055000e+03	4.837929e-05
1.056000e+03	4.837929e-05
1.057000e+03	4.837929e-05
1.058000e+03	1.451379e-04
1.060000e+03	9.675859e-05
1.062000e+03	4.837929e-05
1.063000e+03	4.837929e-05
1.064000e+03	9.675859e-05
1.065000e+03	9.675859e-05
1.066000e+03	9.675859e-05
1.067000e+03	4.837929e-05
1.071000e+03	4.837929e-05
1.072000e+03	4.837929e-05
1.073000e+03	4.837929e-05
1.075000e+03	9.675859e-05
1.076000e+03	4.837929e-05
1.081000e+03	1.935172e-04
1.082000e+03	4.837929e-05
1.084000e+03	4.837929e-05
1.087000e+03	4.837929e-05
1.089000e+03	9.675859e-05
1.090000e+03	4.837929e-05
1.091000e+03	4.837929e-05
1.093000e+03	4.837929e-05
1.097000e+03	4.837929e-05
1.098000e+03	4.837929e-05
1.099000e+03	4.837929e-05
1.100000e+03	4.837929e-05
1.101000e+03	4.837929e-05
1.102000e+03	4.837929e-05
1.103000e+03	4.837929e-05
1.104000e+03	9.675859e-05
1.105000e+03	4.837929e-05
1.106000e+03	4.837929e-05
1.111000e+03	9.675859e-05
1.113000e+03	4.837929e-05
1.114000e+03	4.837929e-05
1.116000e+03	9.675859e-05
1.117000e+03	4.837929e-05
1.118000e+03	4.837929e-05
1.119000e+03	4.837929e-05
1.123000e+03	4.837929e-05
1.125000e+03	4.837929e-05
1.127000e+03	4.837929e-05
1.129000e+03	4.837929e-05
1.132000e+03	4.837929e-05
1.133000e+03	4.837929e-05
1.134000e+03	4.837929e-05
1.135000e+03	4.837929e-05
1.137000e+03	9.675859e-05
1.138000e+03	4.837929e-05
1.141000e+03	4.837929e-05
1.144000e+03	4.837929e-05
1.147000e+03	9.675859e-05
1.148000e+03	4.837929e-05
1.150000e+03	4.837929e-05
1.151000e+03	4.837929e-05
1.152000e+03	9.675859e-05
1.153000e+03	4.837929e-05
1.154000e+03	4.837929e-05
1.161000e+03	4.837929e-05
1.163000e+03	4.837929e-05
1.164000e+03	4.837929e-05
1.168000e+03	4.837929e-05
1.169000e+03	4.837929e-05
1.170000e+03	4.837929e-05
1.171000e+03	4.837929e-05
1.172000e+03	4.837929e-05
1.173000e+03	4.837929e-05
1.174000e+03	4.837929e-05
1.175000e+03	4.837929e-05
1.177000e+03	4.837929e-05
1.179000e+03	9.675859e-05
1.180000e+03	4.837929e-05
1.181000e+03	4.837929e-05
1.182000e+03	4.837929e-05
1.183000e+03	4.837929e-05
1.185000e+03	4.837929e-05
1.186000e+03	1.451379e-04
1.188000e+03	4.837929e-05
1.190000e+03	4.837929e-05
1.193000e+03	4.837929e-05
1.195000e+03	9.675859e-05
1.196000e+03	4.837929e-05
1.201000e+03	9.675859e-05
1.202000e+03	9.675859e-05
1.206000e+03	4.837929e-05
1.213000e+03	4.837929e-05
1.217000e+03	9.675859e-05
1.218000e+03	4.837929e-05
1.220000e+03	4.837929e-05
1.222000e+03	4.837929e-05
1.227000e+03	4.837929e-05
1.228000e+03	4.837929e-05
1.229000e+03	9.675859e-05
1.231000e+03	4.837929e-05
1.235000e+03	4.837929e-05
1.236000e+03	9.675859e-05
1.242000e+03	9.675859e-05
1.244000e+03	4.837929e-05
1.247000e+03	4.837929e-05
1.252000e+03	4.837929e-05
1.253000e+03	4.837929e-05
1.254000e+03	4.837929e-05
1.256000e+03	4.837929e-05
1.258000e+03	9.675859e-05
1.259000e+03	4.837929e-05
1.262000e+03	4.837929e-05
1.263000e+03	9.675859e-05
1.269000e+03	4.837929e-05
1.270000e+03	4.837929e-05
1.272000e+03	4.837929e-05
1.276000e+03	9.675859e-05
1.277000e+03	4.837929e-05
1.278000e+03	9.675859e-05
1.283000e+03	1.451379e-04
1.284000e+03	9.675859e-05
1.286000e+03	9.675859e-05
1.288000e+03	9.675859e-05
1.290000e+03	4.837929e-05
1.291000e+03	4.837929e-05
1.293000e+03	4.837929e-05
1.294000e+03	9.675859e-05
1.295000e+03	9.675859e-05
1.296000e+03	9.675859e-05
1.299000e+03	1.451379e-04
1.301000e+03	4.837929e-05
1.303000e+03	4.837929e-05
1.304000e+03	4.837929e-05
1.309000e+03	4.837929e-05
1.310000e+03	4.837929e-05
1.312000e+03	4.837929e-05
1.319000e+03	9.675859e-05
1.321000e+03	9.675859e-05
1.326000e+03	4.837929e-05
1.327000e+03	9.675859e-05
1.328000e+03	4.837929e-05
1.329000e+03	4.837929e-05
1.330000e+03	4.837929e-05
1.333000e+03	4.837929e-05
1.334000e+03	4.837929e-05
1.336000e+03	4.837929e-05
1.340000e+03	4.837929e-05
1.346000e+03	4.837929e-05
1.351000e+03	4.837929e-05
1.352000e+03	4.837929e-05
1.358000e+03	4.837929e-05
1.359000e+03	4.837929e-05
1.364000e+03	9.675859e-05
1.365000e+03	4.837929e-05
1.371000e+03	9.675859e-05
1.372000e+03	9.675859e-05
1.374000e+03	9.675859e-05
1.381000e+03	4.837929e-05
1.383000e+03	4.837929e-05
1.385000e+03	4.837929e-05
1.390000e+03	4.837929e-05
1.391000e+03	9.675859e-05
1.392000e+03	4.837929e-05
1.397000e+03	4.837929e-05
1.408000e+03	4.837929e-05
1.410000e+03	4.837929e-05
1.414000e+03	4.837929e-05
1.418000e+03	4.837929e-05
1.420000e+03	4.837929e-05
1.421000e+03	4.837929e-05
1.423000e+03	4.837929e-05
1.425000e+03	4.837929e-05
1.428000e+03	9.675859e-05
1.429000e+03	4.837929e-05
1.430000e+03	4.837929e-05
1.432000e+03	4.837929e-05
1.435000e+03	4.837929e-05
1.437000e+03	9.675859e-05
1.441000e+03	4.837929e-05
1.443000e+03	9.675859e-05
1.446000e+03	4.837929e-05
1.447000e+03	4.837929e-05
1.449000e+03	4.837929e-05
1.450000e+03	4.837929e-05
1.451000e+03	4.837929e-05
1.453000e+03	4.837929e-05
1.458000e+03	9.675859e-05
1.459000e+03	4.837929e-05
1.460000e+03	4.837929e-05
1.461000e+03	4.837929e-05
1.462000e+03	4.837929e-05
1.467000e+03	4.837929e-05
1.468000e+03	4.837929e-05
1.469000e+03	4.837929e-05
1.470000e+03	4.837929e-05
1.471000e+03	4.837929e-05
1.472000e+03	4.837929e-05
1.476000e+03	9.675859e-05
1.485000e+03	4.837929e-05
1.486000e+03	4.837929e-05
1.489000e+03	9.675859e-05
1.491000e+03	9.675859e-05
1.492000e+03	4.837929e-05
1.493000e+03	4.837929e-05
1.494000e+03	9.675859e-05
1.499000e+03	9.675859e-05
1.501000e+03	4.837929e-05
1.503000e+03	4.837929e-05
1.505000e+03	4.837929e-05
1.506000e+03	4.837929e-05
1.511000e+03	4.837929e-05
1.514000e+03	4.837929e-05
1.516000e+03	4.837929e-05
1.520000e+03	9.675859e-05
1.522000e+03	4.837929e-05
1.524000e+03	4.837929e-05
1.525000e+03	4.837929e-05
1.527000e+03	4.837929e-05
1.528000e+03	4.837929e-05
1.532000e+03	4.837929e-05
1.533000e+03	4.837929e-05
1.534000e+03	9.675859e-05
1.536000e+03	4.837929e-05
1.539000e+03	4.837929e-05
1.540000e+03	4.837929e-05
1.541000e+03	4.837929e-05
1.544000e+03	4.837929e-05
1.548000e+03	4.837929e-05
1.552000e+03	4.837929e-05
1.553000e+03	9.675859e-05
1.555000e+03	4.837929e-05
1.556000e+03	4.837929e-05
1.557000e+03	2.418965e-04
1.560000e+03	4.837929e-05
1.562000e+03	4.837929e-05
1.563000e+03	4.837929e-05
1.569000e+03	4.837929e-05
1.571000e+03	4.837929e-05
1.573000e+03	4.837929e-05
1.576000e+03	4.837929e-05
1.578000e+03	9.675859e-05
1.580000e+03	4.837929e-05
1.581000e+03	1.935172e-04
1.587000e+03	4.837929e-05
1.589000e+03	4.837929e-05
1.593000e+03	4.837929e-05
1.597000e+03	4.837929e-05
1.598000e+03	4.837929e-05
1.601000e+03	4.837929e-05
1.604000e+03	4.837929e-05
1.605000e+03	4.837929e-05
1.607000e+03	4.837929e-05
1.608000e+03	4.837929e-05
1.609000e+03	4.837929e-05
1.612000e+03	1.451379e-04
1.619000e+03	4.837929e-05
1.620000e+03	4.837929e-05
1.622000e+03	4.837929e-05
1.625000e+03	4.837929e-05
1.630000e+03	4.837929e-05
1.632000e+03	4.837929e-05
1.634000e+03	9.675859e-05
1.637000e+03	4.837929e-05
1.643000e+03	4.837929e-05
1.652000e+03	4.837929e-05
1.655000e+03	9.675859e-05
1.658000e+03	4.837929e-05
1.667000e+03	4.837929e-05
1.668000e+03	4.837929e-05
1.676000e+03	4.837929e-05
1.677000e+03	4.837929e-05
1.681000e+03	4.837929e-05
1.682000e+03	4.837929e-05
1.685000e+03	4.837929e-05
1.691000e+03	4.837929e-05
1.692000e+03	4.837929e-05
1.694000e+03	4.837929e-05
1.695000e+03	4.837929e-05
1.700000e+03	4.837929e-05
1.703000e+03	9.675859e-05
1.708000e+03	4.837929e-05
1.710000e+03	9.675859e-05
1.713000e+03	4.837929e-05
1.715000e+03	4.837929e-05
1.718000e+03	4.837929e-05
1.720000e+03	4.837929e-05
1.722000e+03	9.675859e-05
1.725000e+03	9.675859e-05
1.727000e+03	4.837929e-05
1.732000e+03	9.675859e-05
1.733000e+03	9.675859e-05
1.742000e+03	4.837929e-05
1.744000e+03	4.837929e-05
1.750000e+03	4.837929e-05
1.757000e+03	4.837929e-05
1.759000e+03	4.837929e-05
1.762000e+03	4.837929e-05
1.764000e+03	4.837929e-05
1.766000e+03	4.837929e-05
1.769000e+03	4.837929e-05
1.771000e+03	4.837929e-05
1.773000e+03	4.837929e-05
1.774000e+03	4.837929e-05
1.779000e+03	4.837929e-05
1.784000e+03	4.837929e-05
1.788000e+03	4.837929e-05
1.790000e+03	4.837929e-05
1.793000e+03	4.837929e-05
1.796000e+03	4.837929e-05
1.797000e+03	4.837929e-05
1.801000e+03	4.837929e-05
1.806000e+03	4.837929e-05
1.807000e+03	4.837929e-05
1.809000e+03	4.837929e-05
1.810000e+03	1.451379e-04
1.813000e+03	4.837929e-05
1.814000e+03	4.837929e-05
1.815000e+03	4.837929e-05
1.816000e+03	1.935172e-04
1.819000e+03	4.837929e-05
1.821000e+03	4.837929e-05
1.832000e+03	4.837929e-05
1.835000e+03	1.451379e-04
1.839000e+03	9.675859e-05
1.840000e+03	4.837929e-05
1.842000e+03	4.837929e-05
1.857000e+03	4.837929e-05
1.865000e+03	9.675859e-05
1.868000e+03	9.675859e-05
1.869000e+03	4.837929e-05
1.872000e+03	4.837929e-05
1.875000e+03	4.837929e-05
1.876000e+03	4.837929e-05
1.882000e+03	4.837929e-05
1.906000e+03	4.837929e-05
1.909000e+03	4.837929e-05
1.925000e+03	4.837929e-05
1.927000e+03	4.837929e-05
1.932000e+03	4.837929e-05
1.936000e+03	4.837929e-05
1.945000e+03	4.837929e-05
1.947000e+03	4.837929e-05
1.949000e+03	4.837929e-05
1.952000e+03	4.837929e-05
1.954000e+03	4.837929e-05
1.958000e+03	4.837929e-05
1.960000e+03	9.675859e-05
1.962000e+03	4.837929e-05
1.963000e+03	4.837929e-05
1.964000e+03	4.837929e-05
1.974000e+03	4.837929e-05
1.977000e+03	4.837929e-05
1.981000e+03	4.837929e-05
1.985000e+03	4.837929e-05
1.986000e+03	4.837929e-05
1.987000e+03	4.837929e-05
1.994000e+03	4.837929e-05
2.002000e+03	4.837929e-05
2.009000e+03	4.837929e-05
2.012000e+03	4.837929e-05
2.013000e+03	4.837929e-05
2.018000e+03	4.837929e-05
2.019000e+03	4.837929e-05
2.023000e+03	4.837929e-05
2.028000e+03	4.837929e-05
2.033000e+03	4.837929e-05
2.034000e+03	4.837929e-05
2.038000e+03	4.837929e-05
2.042000e+03	4.837929e-05
2.046000e+03	1.451379e-04
2.049000e+03	4.837929e-05
2.050000e+03	4.837929e-05
2.051000e+03	4.837929e-05
2.053000e+03	4.837929e-05
2.055000e+03	4.837929e-05
2.062000e+03	4.837929e-05
2.066000e+03	4.837929e-05
2.069000e+03	4.837929e-05
2.073000e+03	4.837929e-05
2.074000e+03	4.837929e-05
2.077000e+03	4.837929e-05
2.078000e+03	4.837929e-05
2.084000e+03	4.837929e-05
2.087000e+03	4.837929e-05
2.089000e+03	4.837929e-05
2.093000e+03	4.837929e-05
2.094000e+03	4.837929e-05
2.098000e+03	4.837929e-05
2.102000e+03	4.837929e-05
2.106000e+03	9.675859e-05
2.117000e+03	4.837929e-05
2.120000e+03	4.837929e-05
2.126000e+03	4.837929e-05
2.133000e+03	4.837929e-05
2.140000e+03	1.451379e-04
2.141000e+03	4.837929e-05
2.146000e+03	9.675859e-05
2.148000e+03	4.837929e-05
2.151000e+03	4.837929e-05
2.157000e+03	4.837929e-05
2.163000e+03	4.837929e-05
2.164000e+03	9.675859e-05
2.167000e+03	4.837929e-05
2.172000e+03	4.837929e-05
2.175000e+03	4.837929e-05
2.177000e+03	4.837929e-05
2.182000e+03	4.837929e-05
2.203000e+03	4.837929e-05
2.204000e+03	4.837929e-05
2.205000e+03	9.675859e-05
2.210000e+03	4.837929e-05
2.212000e+03	9.675859e-05
2.217000e+03	4.837929e-05
2.222000e+03	4.837929e-05
2.232000e+03	4.837929e-05
2.236000e+03	4.837929e-05
2.242000e+03	4.837929e-05
2.243000e+03	9.675859e-05
2.245000e+03	4.837929e-05
2.249000e+03	4.837929e-05
2.258000e+03	4.837929e-05
2.259000e+03	9.675859e-05
2.276000e+03	4.837929e-05
2.281000e+03	4.837929e-05
2.283000e+03	4.837929e-05
2.288000e+03	4.837929e-05
2.289000e+03	4.837929e-05
2.295000e+03	4.837929e-05
2.298000e+03	9.675859e-05
2.303000e+03	4.837929e-05
2.305000e+03	4.837929e-05
2.312000e+03	4.837929e-05
2.313000e+03	4.837929e-05
2.314000e+03	4.837929e-05
2.320000e+03	4.837929e-05
2.321000e+03	4.837929e-05
2.322000e+03	2.418965e-04
2.326000e+03	4.837929e-05
2.328000e+03	4.837929e-05
2.330000e+03	4.837929e-05
2.331000e+03	4.837929e-05
2.334000e+03	4.837929e-05
2.341000e+03	9.675859e-05
2.352000e+03	4.837929e-05
2.359000e+03	4.837929e-05
2.369000e+03	4.837929e-05
2.371000e+03	4.837929e-05
2.377000e+03	4.837929e-05
2.386000e+03	4.837929e-05
2.388000e+03	4.837929e-05
2.394000e+03	4.837929e-05
2.398000e+03	4.837929e-05
2.403000e+03	4.837929e-05
2.406000e+03	4.837929e-05
2.417000e+03	4.837929e-05
2.419000e+03	4.837929e-05
2.423000e+03	4.837929e-05
2.434000e+03	4.837929e-05
2.446000e+03	9.675859e-05
2.453000e+03	4.837929e-05
2.454000e+03	4.837929e-05
2.460000e+03	4.837929e-05
2.461000e+03	4.837929e-05
2.462000e+03	4.837929e-05
2.479000e+03	4.837929e-05
2.486000e+03	4.837929e-05
2.493000e+03	4.837929e-05
2.499000e+03	4.837929e-05
2.503000e+03	4.837929e-05
2.506000e+03	4.837929e-05
2.512000e+03	4.837929e-05
2.514000e+03	4.837929e-05
2.515000e+03	4.837929e-05
2.516000e+03	4.837929e-05
2.526000e+03	9.675859e-05
2.535000e+03	4.837929e-05
2.537000e+03	4.837929e-05
2.542000e+03	9.675859e-05
2.544000e+03	4.837929e-05
2.551000e+03	4.837929e-05
2.565000e+03	4.837929e-05
2.566000e+03	9.675859e-05
2.567000e+03	4.837929e-05
2.579000e+03	4.837929e-05
2.587000e+03	4.837929e-05
2.590000e+03	4.837929e-05
2.592000e+03	4.837929e-05
2.635000e+03	4.837929e-05
2.637000e+03	4.837929e-05
2.658000e+03	4.837929e-05
2.664000e+03	4.837929e-05
2.665000e+03	4.837929e-05
2.673000e+03	4.837929e-05
2.679000e+03	4.837929e-05
2.700000e+03	9.675859e-05
2.709000e+03	4.837929e-05
2.722000e+03	4.837929e-05
2.723000e+03	4.837929e-05
2.749000e+03	4.837929e-05
2.756000e+03	9.675859e-05
2.760000e+03	4.837929e-05
2.762000e+03	4.837929e-05
2.765000e+03	4.837929e-05
2.770000e+03	4.837929e-05
2.773000e+03	4.837929e-05
2.776000e+03	4.837929e-05
2.784000e+03	4.837929e-05
2.797000e+03	4.837929e-05
2.813000e+03	4.837929e-05
2.823000e+03	4.837929e-05
2.827000e+03	4.837929e-05
2.832000e+03	4.837929e-05
2.856000e+03	4.837929e-05
2.861000e+03	9.675859e-05
2.864000e+03	9.675859e-05
2.865000e+03	4.837929e-05
2.866000e+03	4.837929e-05
2.873000e+03	4.837929e-05
2.874000e+03	4.837929e-05
2.879000e+03	4.837929e-05
2.898000e+03	4.837929e-05
2.915000e+03	4.837929e-05
2.918000e+03	4.837929e-05
2.926000e+03	4.837929e-05
2.942000e+03	4.837929e-05
2.943000e+03	4.837929e-05
2.952000e+03	4.837929e-05
2.954000e+03	4.837929e-05
2.964000e+03	4.837929e-05
2.966000e+03	4.837929e-05
2.969000e+03	4.837929e-05
2.970000e+03	4.837929e-05
2.980000e+03	4.837929e-05
2.988000e+03	1.451379e-04
2.989000e+03	4.837929e-05
2.991000e+03	4.837929e-05
2.992000e+03	4.837929e-05
3.003000e+03	4.837929e-05
3.004000e+03	4.837929e-05
3.006000e+03	4.837929e-05
3.011000e+03	4.837929e-05
3.019000e+03	4.837929e-05
3.038000e+03	4.837929e-05
3.046000e+03	4.837929e-05
3.049000e+03	4.837929e-05
3.050000e+03	4.837929e-05
3.051000e+03	4.837929e-05
3.056000e+03	4.837929e-05
3.080000e+03	4.837929e-05
3.092000e+03	4.837929e-05
3.103000e+03	4.837929e-05
3.118000e+03	4.837929e-05
3.122000e+03	4.837929e-05
3.126000e+03	4.837929e-05
3.137000e+03	4.837929e-05
3.158000e+03	4.837929e-05
3.163000e+03	4.837929e-05
3.179000e+03	4.837929e-05
3.184000e+03	4.837929e-05
3.187000e+03	4.837929e-05
3.190000e+03	4.837929e-05
3.196000e+03	4.837929e-05
3.236000e+03	1.451379e-04
3.237000e+03	4.837929e-05
3.241000e+03	4.837929e-05
3.246000e+03	4.837929e-05
3.259000e+03	4.837929e-05
3.270000e+03	4.837929e-05
3.279000e+03	4.837929e-05
3.282000e+03	4.837929e-05
3.286000e+03	4.837929e-05
3.301000e+03	4.837929e-05
3.304000e+03	4.837929e-05
3.307000e+03	4.837929e-05
3.312000e+03	4.837929e-05
3.321000e+03	4.837929e-05
3.331000e+03	9.675859e-05
3.340000e+03	4.837929e-05
3.344000e+03	4.837929e-05
3.352000e+03	4.837929e-05
3.357000e+03	4.837929e-05
3.383000e+03	4.837929e-05
3.389000e+03	9.675859e-05
3.396000e+03	4.837929e-05
3.416000e+03	4.837929e-05
3.425000e+03	4.837929e-05
3.429000e+03	4.837929e-05
3.436000e+03	4.837929e-05
3.460000e+03	4.837929e-05
3.484000e+03	4.837929e-05
3.494000e+03	4.837929e-05
3.498000e+03	4.837929e-05
3.503000e+03	4.837929e-05
3.509000e+03	4.837929e-05
3.514000e+03	4.837929e-05
3.536000e+03	9.675859e-05
3.538000e+03	4.837929e-05
3.539000e+03	4.837929e-05
3.546000e+03	4.837929e-05
3.548000e+03	4.837929e-05
3.552000e+03	4.837929e-05
3.568000e+03	4.837929e-05
3.572000e+03	4.837929e-05
3.573000e+03	4.837929e-05
3.574000e+03	4.837929e-05
3.582000e+03	4.837929e-05
3.584000e+03	4.837929e-05
3.589000e+03	4.837929e-05
3.591000e+03	4.837929e-05
3.598000e+03	4.837929e-05
3.602000e+03	4.837929e-05
3.606000e+03	4.837929e-05
3.607000e+03	4.837929e-05
3.623000e+03	4.837929e-05
3.633000e+03	4.837929e-05
3.649000e+03	4.837929e-05
3.674000e+03	4.837929e-05
3.678000e+03	4.837929e-05
3.680000e+03	4.837929e-05
3.681000e+03	4.837929e-05
3.687000e+03	9.675859e-05
3.691000e+03	4.837929e-05
3.704000e+03	4.837929e-05
3.725000e+03	4.837929e-05
3.751000e+03	4.837929e-05
3.780000e+03	4.837929e-05
3.803000e+03	4.837929e-05
3.815000e+03	4.837929e-05
3.817000e+03	4.837929e-05
3.820000e+03	4.837929e-05
3.834000e+03	4.837929e-05
3.839000e+03	4.837929e-05
3.842000e+03	4.837929e-05
3.849000e+03	4.837929e-05
3.857000e+03	4.837929e-05
3.884000e+03	4.837929e-05
3.908000e+03	4.837929e-05
3.925000e+03	4.837929e-05
3.936000e+03	4.837929e-05
3.976000e+03	4.837929e-05
3.997000e+03	4.837929e-05
4.001000e+03	4.837929e-05
4.013000e+03	4.837929e-05
4.016000e+03	4.837929e-05
4.040000e+03	4.837929e-05
4.061000e+03	4.837929e-05
4.062000e+03	9.675859e-05
4.110000e+03	4.837929e-05
4.126000e+03	4.837929e-05
4.127000e+03	4.837929e-05
4.142000e+03	4.837929e-05
4.144000e+03	4.837929e-05
4.146000e+03	4.837929e-05
4.153000e+03	4.837929e-05
4.154000e+03	4.837929e-05
4.163000e+03	4.837929e-05
4.175000e+03	4.837929e-05
4.176000e+03	4.837929e-05
4.177000e+03	4.837929e-05
4.204000e+03	4.837929e-05
4.218000e+03	4.837929e-05
4.228000e+03	4.837929e-05
4.245000e+03	4.837929e-05
4.264000e+03	4.837929e-05
4.286000e+03	4.837929e-05
4.292000e+03	4.837929e-05
4.296000e+03	4.837929e-05
4.297000e+03	4.837929e-05
4.313000e+03	4.837929e-05
4.334000e+03	4.837929e-05
4.356000e+03	4.837929e-05
4.391000e+03	4.837929e-05
4.413000e+03	4.837929e-05
4.423000e+03	4.837929e-05
4.434000e+03	4.837929e-05
4.439000e+03	4.837929e-05
4.443000e+03	4.837929e-05
4.446000e+03	4.837929e-05
4.467000e+03	4.837929e-05
4.495000e+03	4.837929e-05
4.502000e+03	4.837929e-05
4.505000e+03	4.837929e-05
4.511000e+03	4.837929e-05
4.515000e+03	4.837929e-05
4.530000e+03	4.837929e-05
4.540000e+03	9.675859e-05
4.542000e+03	4.837929e-05
4.545000e+03	4.837929e-05
4.552000e+03	4.837929e-05
4.554000e+03	4.837929e-05
4.561000e+03	4.837929e-05
4.583000e+03	4.837929e-05
4.641000e+03	4.837929e-05
4.645000e+03	4.837929e-05
4.655000e+03	4.837929e-05
4.667000e+03	4.837929e-05
4.671000e+03	4.837929e-05
4.691000e+03	4.837929e-05
4.712000e+03	4.837929e-05
4.716000e+03	4.837929e-05
4.734000e+03	4.837929e-05
4.818000e+03	4.837929e-05
4.891000e+03	4.837929e-05
4.894000e+03	4.837929e-05
4.918000e+03	4.837929e-05
4.924000e+03	4.837929e-05
4.925000e+03	4.837929e-05
4.927000e+03	4.837929e-05
4.953000e+03	4.837929e-05
4.955000e+03	9.675859e-05
4.960000e+03	4.837929e-05
4.997000e+03	9.675859e-05
5.004000e+03	4.837929e-05
5.008000e+03	4.837929e-05
5.024000e+03	4.837929e-05
5.029000e+03	4.837929e-05
5.047000e+03	4.837929e-05
5.066000e+03	4.837929e-05
5.137000e+03	4.837929e-05
5.140000e+03	4.837929e-05
5.147000e+03	4.837929e-05
5.160000e+03	4.837929e-05
5.167000e+03	4.837929e-05
5.168000e+03	4.837929e-05
5.176000e+03	4.837929e-05
5.199000e+03	4.837929e-05
5.205000e+03	4.837929e-05
5.206000e+03	4.837929e-05
5.211000e+03	4.837929e-05
5.223000e+03	4.837929e-05
5.240000e+03	4.837929e-05
5.244000e+03	4.837929e-05
5.256000e+03	4.837929e-05
5.282000e+03	4.837929e-05
5.286000e+03	9.675859e-05
5.289000e+03	4.837929e-05
5.293000e+03	4.837929e-05
5.346000e+03	4.837929e-05
5.377000e+03	4.837929e-05
5.379000e+03	4.837929e-05
5.400000e+03	4.837929e-05
5.445000e+03	4.837929e-05
5.468000e+03	4.837929e-05
5.500000e+03	4.837929e-05
5.522000e+03	4.837929e-05
5.529000e+03	4.837929e-05
5.559000e+03	4.837929e-05
5.579000e+03	4.837929e-05
5.600000e+03	9.675859e-05
5.625000e+03	4.837929e-05
5.650000e+03	4.837929e-05
5.660000e+03	4.837929e-05
5.681000e+03	4.837929e-05
5.682000e+03	4.837929e-05
5.685000e+03	4.837929e-05
5.690000e+03	4.837929e-05
5.707000e+03	4.837929e-05
5.774000e+03	4.837929e-05
5.781000e+03	4.837929e-05
5.834000e+03	4.837929e-05
5.856000e+03	4.837929e-05
5.893000e+03	4.837929e-05
5.895000e+03	4.837929e-05
5.898000e+03	4.837929e-05
5.900000e+03	4.837929e-05
5.902000e+03	4.837929e-05
5.922000e+03	4.837929e-05
5.986000e+03	4.837929e-05
6.001000e+03	4.837929e-05
6.043000e+03	4.837929e-05
6.057000e+03	4.837929e-05
6.096000e+03	4.837929e-05
6.116000e+03	4.837929e-05
6.196000e+03	4.837929e-05
6.221000e+03	4.837929e-05
6.231000e+03	4.837929e-05
6.284000e+03	4.837929e-05
6.297000e+03	4.837929e-05
6.300000e+03	4.837929e-05
6.357000e+03	4.837929e-05
6.361000e+03	4.837929e-05
6.404000e+03	4.837929e-05
6.410000e+03	4.837929e-05
6.435000e+03	4.837929e-05
6.449000e+03	4.837929e-05
6.476000e+03	4.837929e-05
6.571000e+03	4.837929e-05
6.599000e+03	4.837929e-05
6.622000e+03	4.837929e-05
6.643000e+03	4.837929e-05
6.745000e+03	4.837929e-05
6.781000e+03	4.837929e-05
6.815000e+03	4.837929e-05
6.870000e+03	4.837929e-05
6.897000e+03	4.837929e-05
6.923000e+03	4.837929e-05
7.014000e+03	4.837929e-05
7.021000e+03	4.837929e-05
7.050000e+03	4.837929e-05
7.096000e+03	4.837929e-05
7.102000e+03	4.837929e-05
7.116000e+03	4.837929e-05
7.134000e+03	4.837929e-05
7.222000e+03	4.837929e-05
7.223000e+03	4.837929e-05
7.234000e+03	4.837929e-05
7.309000e+03	4.837929e-05
7.364000e+03	4.837929e-05
7.365000e+03	4.837929e-05
7.379000e+03	4.837929e-05
7.436000e+03	4.837929e-05
7.482000e+03	4.837929e-05
7.586000e+03	4.837929e-05
7.665000e+03	4.837929e-05
7.677000e+03	4.837929e-05
7.737000e+03	4.837929e-05
7.759000e+03	4.837929e-05
7.795000e+03	4.837929e-05
7.810000e+03	4.837929e-05
7.832000e+03	4.837929e-05
7.837000e+03	4.837929e-05
7.958000e+03	4.837929e-05
7.967000e+03	4.837929e-05
8.153000e+03	4.837929e-05
8.175000e+03	4.837929e-05
8.184000e+03	4.837929e-05
8.204000e+03	4.837929e-05
8.208000e+03	4.837929e-05
8.293000e+03	4.837929e-05
8.399000e+03	4.837929e-05
8.420000e+03	4.837929e-05
8.494000e+03	4.837929e-05
8.626000e+03	4.837929e-05
8.931000e+03	4.837929e-05
8.936000e+03	4.837929e-05
8.966000e+03	4.837929e-05
8.989000e+03	4.837929e-05
9.005000e+03	4.837929e-05
9.014000e+03	4.837929e-05
9.094000e+03	4.837929e-05
9.152000e+03	4.837929e-05
9.173000e+03	4.837929e-05
9.230000e+03	4.837929e-05
9.412000e+03	4.837929e-05
9.502000e+03	4.837929e-05
9.655000e+03	4.837929e-05
9.695000e+03	4.837929e-05
9.747000e+03	4.837929e-05
9.765000e+03	4.837929e-05
9.793000e+03	4.837929e-05
9.878000e+03	4.837929e-05
9.895000e+03	4.837929e-05
9.909000e+03	4.837929e-05
9.920000e+03	4.837929e-05
9.990000e+03	4.837929e-05
1.003400e+04	4.837929e-05
1.007100e+04	4.837929e-05
1.019200e+04	4.837929e-05
1.020900e+04	4.837929e-05
1.028500e+04	4.837929e-05
1.034100e+04	4.837929e-05
1.040600e+04	4.837929e-05
1.044100e+04	4.837929e-05
1.045900e+04	4.837929e-05
1.090700e+04	4.837929e-05
1.093700e+04	4.837929e-05
1.139500e+04	4.837929e-05
1.145500e+04	4.837929e-05
1.151900e+04	4.837929e-05
1.152200e+04	4.837929e-05
1.152600e+04	4.837929e-05
1.160900e+04	4.837929e-05
1.172700e+04	4.837929e-05
1.174200e+04	4.837929e-05
1.180700e+04	4.837929e-05
1.186200e+04	4.837929e-05
1.187300e+04	4.837929e-05
1.194200e+04	4.837929e-05
1.226200e+04	4.837929e-05
1.226600e+04	4.837929e-05
1.232000e+04	4.837929e-05
1.236700e+04	4.837929e-05
1.239600e+04	4.837929e-05
1.269200e+04	4.837929e-05
1.303800e+04	4.837929e-05
1.305600e+04	4.837929e-05
1.322300e+04	4.837929e-05
1.334300e+04	4.837929e-05
1.341100e+04	4.837929e-05
1.348300e+04	4.837929e-05
1.359200e+04	4.837929e-05
1.364800e+04	4.837929e-05
1.369200e+04	4.837929e-05
1.390500e+04	4.837929e-05
1.430700e+04	4.837929e-05
1.520100e+04	4.837929e-05
1.527400e+04	4.837929e-05
1.537900e+04	4.837929e-05
1.548900e+04	4.837929e-05
1.552900e+04	4.837929e-05
1.553600e+04	4.837929e-05
1.561800e+04	4.837929e-05
1.563500e+04	4.837929e-05
1.582700e+04	4.837929e-05
1.587700e+04	4.837929e-05
1.588200e+04	4.837929e-05
1.651000e+04	4.837929e-05
1.673900e+04	4.837929e-05
1.716500e+04	4.837929e-05
1.719100e+04	4.837929e-05
1.742000e+04	4.837929e-05
1.787600e+04	4.837929e-05
1.819700e+04	4.837929e-05
1.843200e+04	4.837929e-05
1.865800e+04	4.837929e-05
1.870900e+04	4.837929e-05
1.883000e+04	4.837929e-05
1.917200e+04	4.837929e-05
1.919600e+04	4.837929e-05
1.964800e+04	4.837929e-05
2.032800e+04	4.837929e-05
2.049800e+04	4.837929e-05
2.061000e+04	4.837929e-05
2.174700e+04	4.837929e-05
2.217000e+04	4.837929e-05
2.301700e+04	4.837929e-05
2.371500e+04	4.837929e-05
2.441800e+04	4.837929e-05
2.450900e+04	4.837929e-05
2.454600e+04	4.837929e-05
2.541600e+04	4.837929e-05
2.544800e+04	4.837929e-05
2.552600e+04	4.837929e-05
2.577300e+04	4.837929e-05
2.615600e+04	4.837929e-05
2.667900e+04	4.837929e-05
2.712500e+04	4.837929e-05
2.727300e+04	4.837929e-05
2.731500e+04	4.837929e-05
2.871600e+04	4.837929e-05
2.973500e+04	4.837929e-05
3.090100e+04	4.837929e-05
3.214200e+04	4.837929e-05
3.513100e+04	4.837929e-05
3.746500e+04	4.837929e-05
3.904500e+04	4.837929e-05
3.992200e+04	4.837929e-05
4.034800e+04	4.837929e-05
4.239800e+04	4.837929e-05
4.462500e+04	4.837929e-05
4.636100e+04	4.837929e-05
5.093100e+04	4.837929e-05
5.342500e+04	4.837929e-05
5.483400e+04	4.837929e-05
5.609400e+04	4.837929e-05
5.646400e+04	4.837929e-05
5.723900e+04	4.837929e-05
6.088200e+04	4.837929e-05
6.512700e+04	4.837929e-05
7.033800e+04	4.837929e-05
7.524800e+04	4.837929e-05
1.017800e+05	4.837929e-05
2.421360e+05	4.837929e-05
